<html>
<head><meta charset="utf-8" /></head>
<body>
    <div>                        <script type="text/javascript">window.PlotlyConfig = {MathJaxConfig: 'local'};</script>
        <script charset="utf-8" src="https://cdn.plot.ly/plotly-2.35.2.min.js"></script>                <div id="f6316024-e8b0-44a1-9687-ea255285b743" class="plotly-graph-div" style="height:1000px; width:2200px;"></div>            <script type="text/javascript">                                    window.PLOTLYENV=window.PLOTLYENV || {};                                    if (document.getElementById("f6316024-e8b0-44a1-9687-ea255285b743")) {                    Plotly.newPlot(                        "f6316024-e8b0-44a1-9687-ea255285b743",                        [{"colorscale":[[0,"#c34a63"],[0.5,"#FFFFFF"],[1,"#8BC34A"]],"hoverongaps":false,"text":[[1.0,0.07,0.46,0.25,0.21,0.51,0.64,-0.11,0.37,0.35,0.32,0.36,0.24,0.81,0.52],[0.07,1.0,0.14,-0.3,-0.24,0.24,0.37,0.39,0.19,0.13,0.09,0.19,0.08,0.28,0.26],[0.46,0.14,1.0,0.38,0.41,0.37,0.44,-0.12,0.58,0.6,0.25,0.35,0.32,0.48,0.91],[0.25,-0.3,0.38,1.0,0.93,0.14,0.08,-0.5,0.19,0.22,0.12,0.15,0.14,0.17,0.41],[0.21,-0.24,0.41,0.93,1.0,0.15,0.08,-0.44,0.2,0.22,0.13,0.18,0.13,0.16,0.43],[0.51,0.24,0.37,0.14,0.15,1.0,0.63,0.06,0.31,0.29,0.21,0.24,0.16,0.56,0.48],[0.64,0.37,0.44,0.08,0.08,0.63,1.0,0.14,0.43,0.35,0.3,0.44,0.35,0.81,0.58],[-0.11,0.39,-0.12,-0.5,-0.44,0.06,0.14,1.0,0.01,-0.01,0.05,0.05,-0.02,0.03,-0.1],[0.37,0.19,0.58,0.19,0.2,0.31,0.43,0.01,1.0,0.95,0.55,0.57,0.59,0.45,0.67],[0.35,0.13,0.6,0.22,0.22,0.29,0.35,-0.01,0.95,1.0,0.41,0.4,0.42,0.39,0.65],[0.32,0.09,0.25,0.12,0.13,0.21,0.3,0.05,0.55,0.41,1.0,0.47,0.55,0.35,0.36],[0.36,0.19,0.35,0.15,0.18,0.24,0.44,0.05,0.57,0.4,0.47,1.0,0.44,0.46,0.43],[0.24,0.08,0.32,0.14,0.13,0.16,0.35,-0.02,0.59,0.42,0.55,0.44,1.0,0.32,0.41],[0.81,0.28,0.48,0.17,0.16,0.56,0.81,0.03,0.45,0.39,0.35,0.46,0.32,1.0,0.57],[0.52,0.26,0.91,0.41,0.43,0.48,0.58,-0.1,0.67,0.65,0.36,0.43,0.41,0.57,1.0]],"textfont":{"size":10},"texttemplate":"%{text}","x":["S&P 500","Gold","Oil","10Y Bond","30Y Bond","GBP\u002fUSD","AUD\u002fUSD","JPY\u002fUSD","GPI_G","GPI_E","GPI_RM","GPI_M","GPI_F","EM ETF","S&P 500 CI"],"y":["S&P 500","Gold","Oil","10Y Bond","30Y Bond","GBP\u002fUSD","AUD\u002fUSD","JPY\u002fUSD","GPI_G","GPI_E","GPI_RM","GPI_M","GPI_F","EM ETF","S&P 500 CI"],"z":[[1.0,0.06982697456510416,0.4551179855280938,0.25194010739355155,0.20517810660251135,0.5072771723375307,0.6356918898483426,-0.11064523674692142,0.3703343151653447,0.354993618191745,0.316416144980568,0.35845262096444636,0.23753416855483106,0.8121850609173927,0.5177105945538838],[0.06982697456510416,1.0,0.13867771322401298,-0.30358493723558105,-0.2433408019827221,0.2365120984943743,0.3717805698603482,0.3927395691288843,0.18968877095506595,0.1346502799372713,0.09336155990074535,0.18670726785126243,0.08368636612068613,0.27510158670070506,0.25725621076143435],[0.4551179855280938,0.13867771322401298,1.0,0.37898259902372416,0.41440313404736556,0.3726083013412504,0.44413222132641234,-0.12008522212747146,0.5768013744043655,0.6024865206848549,0.2500326174107435,0.34565843073463204,0.3187711606564182,0.4801619734792084,0.9103447078369307],[0.25194010739355155,-0.30358493723558105,0.37898259902372416,1.0,0.9314192217901078,0.14202660611488052,0.07972981571053557,-0.4951659282875924,0.18697990797462388,0.21926990027712756,0.11965265643249758,0.1540207310888419,0.13646444119353218,0.16537749683396327,0.4116428202063053],[0.20517810660251135,-0.2433408019827221,0.41440313404736556,0.9314192217901078,1.0,0.14978511899388228,0.08372962927821975,-0.4397905655030467,0.2023265969204328,0.22168503886656418,0.13419635795641843,0.17776085538796985,0.13147082173222405,0.16428611994923567,0.4276239913246698],[0.5072771723375307,0.2365120984943743,0.3726083013412504,0.14202660611488052,0.14978511899388228,1.0,0.6262262358219222,0.05723717450588563,0.31131613756342075,0.28636200835834413,0.21026691022490313,0.24329079408088344,0.16128198807037802,0.5596046180990908,0.48358993697284886],[0.6356918898483426,0.3717805698603482,0.44413222132641234,0.07972981571053557,0.08372962927821975,0.6262262358219222,1.0,0.13890969271703732,0.4302209274961531,0.3489206083590966,0.30367104225842306,0.44161341461577197,0.35064841910676975,0.8093893757187302,0.5753478371538452],[-0.11064523674692142,0.3927395691288843,-0.12008522212747146,-0.4951659282875924,-0.4397905655030467,0.05723717450588563,0.13890969271703732,1.0,0.014957005088456547,-0.005821272753101449,0.04545076929511214,0.048258652126797814,-0.022962210984665336,0.03017946578462737,-0.10139438056032836],[0.3703343151653447,0.18968877095506595,0.5768013744043655,0.18697990797462388,0.2023265969204328,0.31131613756342075,0.4302209274961531,0.014957005088456547,1.0,0.9517405253753772,0.5474496705937151,0.5705960192339351,0.5862604853621145,0.451774401804393,0.671702161708794],[0.354993618191745,0.1346502799372713,0.6024865206848549,0.21926990027712756,0.22168503886656418,0.28636200835834413,0.3489206083590966,-0.005821272753101449,0.9517405253753772,1.0,0.4112249003120784,0.4004370828420192,0.4169945237185538,0.3942201247999981,0.6521939543931362],[0.316416144980568,0.09336155990074535,0.2500326174107435,0.11965265643249758,0.13419635795641843,0.21026691022490313,0.30367104225842306,0.04545076929511214,0.5474496705937151,0.4112249003120784,1.0,0.4672976710183178,0.5459925119381267,0.34753950468035066,0.36316226266821133],[0.35845262096444636,0.18670726785126243,0.34565843073463204,0.1540207310888419,0.17776085538796985,0.24329079408088344,0.44161341461577197,0.048258652126797814,0.5705960192339351,0.4004370828420192,0.4672976710183178,1.0,0.4381257918387349,0.45730650947066426,0.4319551124478046],[0.23753416855483106,0.08368636612068613,0.3187711606564182,0.13646444119353218,0.13147082173222405,0.16128198807037802,0.35064841910676975,-0.022962210984665336,0.5862604853621145,0.4169945237185538,0.5459925119381267,0.4381257918387349,1.0,0.3243753856069816,0.41289256388254364],[0.8121850609173927,0.27510158670070506,0.4801619734792084,0.16537749683396327,0.16428611994923567,0.5596046180990908,0.8093893757187302,0.03017946578462737,0.451774401804393,0.3942201247999981,0.34753950468035066,0.45730650947066426,0.3243753856069816,1.0,0.5655749158847378],[0.5177105945538838,0.25725621076143435,0.9103447078369307,0.4116428202063053,0.4276239913246698,0.48358993697284886,0.5753478371538452,-0.10139438056032836,0.671702161708794,0.6521939543931362,0.36316226266821133,0.4319551124478046,0.41289256388254364,0.5655749158847378,1.0]],"zmax":1,"zmin":-1,"type":"heatmap"}],                        {"template":{"data":{"barpolar":[{"marker":{"line":{"color":"white","width":0.5},"pattern":{"fillmode":"overlay","size":10,"solidity":0.2}},"type":"barpolar"}],"bar":[{"error_x":{"color":"#2a3f5f"},"error_y":{"color":"#2a3f5f"},"marker":{"line":{"color":"white","width":0.5},"pattern":{"fillmode":"overlay","size":10,"solidity":0.2}},"type":"bar"}],"carpet":[{"aaxis":{"endlinecolor":"#2a3f5f","gridcolor":"#C8D4E3","linecolor":"#C8D4E3","minorgridcolor":"#C8D4E3","startlinecolor":"#2a3f5f"},"baxis":{"endlinecolor":"#2a3f5f","gridcolor":"#C8D4E3","linecolor":"#C8D4E3","minorgridcolor":"#C8D4E3","startlinecolor":"#2a3f5f"},"type":"carpet"}],"choropleth":[{"colorbar":{"outlinewidth":0,"ticks":""},"type":"choropleth"}],"contourcarpet":[{"colorbar":{"outlinewidth":0,"ticks":""},"type":"contourcarpet"}],"contour":[{"colorbar":{"outlinewidth":0,"ticks":""},"colorscale":[[0.0,"#0d0887"],[0.1111111111111111,"#46039f"],[0.2222222222222222,"#7201a8"],[0.3333333333333333,"#9c179e"],[0.4444444444444444,"#bd3786"],[0.5555555555555556,"#d8576b"],[0.6666666666666666,"#ed7953"],[0.7777777777777778,"#fb9f3a"],[0.8888888888888888,"#fdca26"],[1.0,"#f0f921"]],"type":"contour"}],"heatmapgl":[{"colorbar":{"outlinewidth":0,"ticks":""},"colorscale":[[0.0,"#0d0887"],[0.1111111111111111,"#46039f"],[0.2222222222222222,"#7201a8"],[0.3333333333333333,"#9c179e"],[0.4444444444444444,"#bd3786"],[0.5555555555555556,"#d8576b"],[0.6666666666666666,"#ed7953"],[0.7777777777777778,"#fb9f3a"],[0.8888888888888888,"#fdca26"],[1.0,"#f0f921"]],"type":"heatmapgl"}],"heatmap":[{"colorbar":{"outlinewidth":0,"ticks":""},"colorscale":[[0.0,"#0d0887"],[0.1111111111111111,"#46039f"],[0.2222222222222222,"#7201a8"],[0.3333333333333333,"#9c179e"],[0.4444444444444444,"#bd3786"],[0.5555555555555556,"#d8576b"],[0.6666666666666666,"#ed7953"],[0.7777777777777778,"#fb9f3a"],[0.8888888888888888,"#fdca26"],[1.0,"#f0f921"]],"type":"heatmap"}],"histogram2dcontour":[{"colorbar":{"outlinewidth":0,"ticks":""},"colorscale":[[0.0,"#0d0887"],[0.1111111111111111,"#46039f"],[0.2222222222222222,"#7201a8"],[0.3333333333333333,"#9c179e"],[0.4444444444444444,"#bd3786"],[0.5555555555555556,"#d8576b"],[0.6666666666666666,"#ed7953"],[0.7777777777777778,"#fb9f3a"],[0.8888888888888888,"#fdca26"],[1.0,"#f0f921"]],"type":"histogram2dcontour"}],"histogram2d":[{"colorbar":{"outlinewidth":0,"ticks":""},"colorscale":[[0.0,"#0d0887"],[0.1111111111111111,"#46039f"],[0.2222222222222222,"#7201a8"],[0.3333333333333333,"#9c179e"],[0.4444444444444444,"#bd3786"],[0.5555555555555556,"#d8576b"],[0.6666666666666666,"#ed7953"],[0.7777777777777778,"#fb9f3a"],[0.8888888888888888,"#fdca26"],[1.0,"#f0f921"]],"type":"histogram2d"}],"histogram":[{"marker":{"pattern":{"fillmode":"overlay","size":10,"solidity":0.2}},"type":"histogram"}],"mesh3d":[{"colorbar":{"outlinewidth":0,"ticks":""},"type":"mesh3d"}],"parcoords":[{"line":{"colorbar":{"outlinewidth":0,"ticks":""}},"type":"parcoords"}],"pie":[{"automargin":true,"type":"pie"}],"scatter3d":[{"line":{"colorbar":{"outlinewidth":0,"ticks":""}},"marker":{"colorbar":{"outlinewidth":0,"ticks":""}},"type":"scatter3d"}],"scattercarpet":[{"marker":{"colorbar":{"outlinewidth":0,"ticks":""}},"type":"scattercarpet"}],"scattergeo":[{"marker":{"colorbar":{"outlinewidth":0,"ticks":""}},"type":"scattergeo"}],"scattergl":[{"marker":{"colorbar":{"outlinewidth":0,"ticks":""}},"type":"scattergl"}],"scattermapbox":[{"marker":{"colorbar":{"outlinewidth":0,"ticks":""}},"type":"scattermapbox"}],"scatterpolargl":[{"marker":{"colorbar":{"outlinewidth":0,"ticks":""}},"type":"scatterpolargl"}],"scatterpolar":[{"marker":{"colorbar":{"outlinewidth":0,"ticks":""}},"type":"scatterpolar"}],"scatter":[{"fillpattern":{"fillmode":"overlay","size":10,"solidity":0.2},"type":"scatter"}],"scatterternary":[{"marker":{"colorbar":{"outlinewidth":0,"ticks":""}},"type":"scatterternary"}],"surface":[{"colorbar":{"outlinewidth":0,"ticks":""},"colorscale":[[0.0,"#0d0887"],[0.1111111111111111,"#46039f"],[0.2222222222222222,"#7201a8"],[0.3333333333333333,"#9c179e"],[0.4444444444444444,"#bd3786"],[0.5555555555555556,"#d8576b"],[0.6666666666666666,"#ed7953"],[0.7777777777777778,"#fb9f3a"],[0.8888888888888888,"#fdca26"],[1.0,"#f0f921"]],"type":"surface"}],"table":[{"cells":{"fill":{"color":"#EBF0F8"},"line":{"color":"white"}},"header":{"fill":{"color":"#C8D4E3"},"line":{"color":"white"}},"type":"table"}]},"layout":{"annotationdefaults":{"arrowcolor":"#2a3f5f","arrowhead":0,"arrowwidth":1},"autotypenumbers":"strict","coloraxis":{"colorbar":{"outlinewidth":0,"ticks":""}},"colorscale":{"diverging":[[0,"#8e0152"],[0.1,"#c51b7d"],[0.2,"#de77ae"],[0.3,"#f1b6da"],[0.4,"#fde0ef"],[0.5,"#f7f7f7"],[0.6,"#e6f5d0"],[0.7,"#b8e186"],[0.8,"#7fbc41"],[0.9,"#4d9221"],[1,"#276419"]],"sequential":[[0.0,"#0d0887"],[0.1111111111111111,"#46039f"],[0.2222222222222222,"#7201a8"],[0.3333333333333333,"#9c179e"],[0.4444444444444444,"#bd3786"],[0.5555555555555556,"#d8576b"],[0.6666666666666666,"#ed7953"],[0.7777777777777778,"#fb9f3a"],[0.8888888888888888,"#fdca26"],[1.0,"#f0f921"]],"sequentialminus":[[0.0,"#0d0887"],[0.1111111111111111,"#46039f"],[0.2222222222222222,"#7201a8"],[0.3333333333333333,"#9c179e"],[0.4444444444444444,"#bd3786"],[0.5555555555555556,"#d8576b"],[0.6666666666666666,"#ed7953"],[0.7777777777777778,"#fb9f3a"],[0.8888888888888888,"#fdca26"],[1.0,"#f0f921"]]},"colorway":["#636efa","#EF553B","#00cc96","#ab63fa","#FFA15A","#19d3f3","#FF6692","#B6E880","#FF97FF","#FECB52"],"font":{"color":"#2a3f5f"},"geo":{"bgcolor":"white","lakecolor":"white","landcolor":"white","showlakes":true,"showland":true,"subunitcolor":"#C8D4E3"},"hoverlabel":{"align":"left"},"hovermode":"closest","mapbox":{"style":"light"},"paper_bgcolor":"white","plot_bgcolor":"white","polar":{"angularaxis":{"gridcolor":"#EBF0F8","linecolor":"#EBF0F8","ticks":""},"bgcolor":"white","radialaxis":{"gridcolor":"#EBF0F8","linecolor":"#EBF0F8","ticks":""}},"scene":{"xaxis":{"backgroundcolor":"white","gridcolor":"#DFE8F3","gridwidth":2,"linecolor":"#EBF0F8","showbackground":true,"ticks":"","zerolinecolor":"#EBF0F8"},"yaxis":{"backgroundcolor":"white","gridcolor":"#DFE8F3","gridwidth":2,"linecolor":"#EBF0F8","showbackground":true,"ticks":"","zerolinecolor":"#EBF0F8"},"zaxis":{"backgroundcolor":"white","gridcolor":"#DFE8F3","gridwidth":2,"linecolor":"#EBF0F8","showbackground":true,"ticks":"","zerolinecolor":"#EBF0F8"}},"shapedefaults":{"line":{"color":"#2a3f5f"}},"ternary":{"aaxis":{"gridcolor":"#DFE8F3","linecolor":"#A2B1C6","ticks":""},"baxis":{"gridcolor":"#DFE8F3","linecolor":"#A2B1C6","ticks":""},"bgcolor":"white","caxis":{"gridcolor":"#DFE8F3","linecolor":"#A2B1C6","ticks":""}},"title":{"x":0.05},"xaxis":{"automargin":true,"gridcolor":"#EBF0F8","linecolor":"#EBF0F8","ticks":"","title":{"standoff":15},"zerolinecolor":"#EBF0F8","zerolinewidth":2},"yaxis":{"automargin":true,"gridcolor":"#EBF0F8","linecolor":"#EBF0F8","ticks":"","title":{"standoff":15},"zerolinecolor":"#EBF0F8","zerolinewidth":2}}},"title":{"text":"Asset Correlation Heatmap"},"height":1000,"width":2200,"xaxis":{"title":{"text":"Assets"}},"yaxis":{"title":{"text":"Assets"}}},                        {"responsive": true}                    )                };                            </script>        </div>
</body>
</html>